129
51
76
157
78
159
80
161
77
171
75
72
151
72
70
71
74
155
75
167
77
171
71
73
154
75
168
70
71
70
76
72
77
169
77
169
72
77
71
76
138
72
175
70
76
163
76
170
73
71
72
70
166
79
171
71
75
70
70
155
76
174
74
71
74
72
160
76
172
71
72
159
72
172
76
77
70
72
171
74
71
70
76
169
76
172
72
75
70
73
173
79
71
73
71
164
79
172
75
71
165
77
171
73
76
158
75
172
79
71
154
72
176
71
71
158
78
173
74
70
152
77
172
75
74
72
74
173
78
176
70
70
162
76
174
72
74
74
71
160
77
173
72
70
166
77
177
78
71
156
77
171
74
73
154
76
170
73
73
160
76
177
76
71
74
71
164
74
172
71
71
160
79
178
74
76
164
79
176
73
73
163
76
75
75
76
179
76
75
75
77
178
80
75
75
79
180
75
77
175
81
74
74
75
177
77
75
76
81
179
77
79
170
78
181
75
77
179
81
184
75
80
185
76
78
181
77
185
80
79
76
80
180
76
79
177
81
76
81
79
181
76
77
179
77
78
79
78
180
77
82
78
80
180
76
76
177
83
184
77
76
76
81
183
82
79
84
76
165
84
186
82
184
76
78
182
83
181
76
76
179
78
183
79
78
182
79
77
76
79
179
76
78
182
78
79
83
76
75
78
183
77
75
75
77
181
79
76
76
80
180
78
80
173
82
186
79
78
78
77
183
82
182
81
182
77
79
77
183
81
76
76
80
180
76
79
173
80
76
79
79
180
76
77
167
77
79
76
80
183
81
182
76
76
176
78
76
76
77
181
81
181
76
77
168
78
75
77
78
182
77
77
177
81
78
79
83
185
83
185
79
81
185
81
80
185
80
80
81
83
172
84
78
77
82
185
79
78
181
81
183
80
82
80
186
86
79
80
83
174
84
78
79
81
186
83
182
83
174
87
183
82
190
81
186
79
80
191
89
186
