137
80
49
108
54
147
55
152
61
146
67
145
53
61
39
173
47
52
54
53
55
56
60
54
56
53
109
63
52
144
51
158
52
69
59
49
51
110
50
56
51
58
107
61
50
88
174
53
41
81
41
177
39
62
39
89
47
106
44
54
57
194
44
55
40
91
186
101
44
55
41
178
41
92
40
86
40
175
40
92
39
89
85
52
54
185
95
57
42
142
54
142
74
55
41
90
185
96
39
172
54
148
90
147
48
147
55
148
41
84
40
91
193
120
211
64
147
59
40
147
63
145
59
56
41
49
108
56
132
81
47
161
39
43
130
59
102
78
40
160
51
160
42
46
143
57
51
58
40
78
47
43
55
57
50
55
46
55
144
57
40
88
52
56
41
78
40
176
39
92
39
88
46
58
43
151
56
185
56
144
50
153
54
143
52
50
54
56
55
57
61
56
145
57
39
78
45
52
40
136
40
167
79
180
42
82
46
58
42
69
89
56
40
166
46
182
40
76
50
43
55
147
39
144
79
56
50
54
149
67
42
95
57
62
58
56
39
88
62
59
63
55
41
86
191
106
41
185
54
190
97
53
116
57
40
183
97
145
52
144
41
183
51
59
111
58
51
55
41
92
184
96
50
84
183
98
55
59
56
56
66
62
57
61
42
86
189
102
43
185
95
192
96
190
97
58
51
145
58
144
90
187
95
61
56
187
95
62
50
53
43
94
184
59
46
92
183
97
236
51
95
52
58
42
187
96
60
52
143
42
160
46
143
41
187
46
53
151
111
50
54
153
110
131
53
117
108
41
89
190
107
42
188
102
53
179
53
42
86
187
102
42
183
102
143
53
94
99
60
40
97
53
55
41
88
181
99
41
186
97
153
41
145
51
117
51
184
94
55
53
144
56
156
52
67
42
177
42
145
94
180
40
87
188
110
39
180
39
188
39
98
191
56
39
181
45
53
152
57
41
86
182
54
182
102
235
139
232
140
233
